Data for Figure 7 in the paper, presenting all measures (Concurrence, Negativity, Total Correlation, Quantum Correlation, and Classical Correlation) for L=9 at zero temperature in the partial state of a spin chain with periodic boundary conditions.

theta =  
[-1.0, -0.9797979797979798, -0.9595959595959596, -0.9393939393939393, -0.9191919191919192, -0.8989898989898989, -0.8787878787878788, -0.8585858585858586, -0.8383838383838385, -0.8181818181818181, -0.797979797979798, -0.7777777777777778, -0.7575757575757576, -0.7373737373737373, -0.7171717171717171, -0.6969696969696969, -0.6767676767676768, -0.6565656565656566, -0.6363636363636364, -0.6161616161616161, -0.5959595959595959, -0.5757575757575758, -0.5555555555555556, -0.5353535353535354, -0.5151515151515151, -0.4949494949494949, -0.4747474747474747, -0.4545454545454545, -0.4343434343434343, -0.4141414141414141, -0.3939393939393939, -0.3737373737373737, -0.35353535353535354, -0.33333333333333326, -0.3131313131313131, -0.2929292929292928, -0.2727272727272727, -0.25252525252525243, -0.23232323232323232, -0.21212121212121204, -0.19191919191919193, -0.17171717171717166, -0.15151515151515152, -0.13131313131313124, -0.11111111111111113, -0.09090909090909086, -0.07070707070707073, -0.05050505050505046, -0.030303030303030193, -0.010101010101010064, 0.010101010101010206, 0.03030303030303033, 0.0505050505050506, 0.07070707070707073, 0.090909090909091, 0.11111111111111113, 0.1313131313131314, 0.15151515151515152, 0.1717171717171718, 0.19191919191919193, 0.21212121212121218, 0.23232323232323232, 0.2525252525252526, 0.2727272727272727, 0.292929292929293, 0.3131313131313131, 0.33333333333333354, 0.35353535353535365, 0.37373737373737376, 0.3939393939393939, 0.4141414141414143, 0.4343434343434344, 0.4545454545454546, 0.4747474747474747, 0.4949494949494951, 0.5151515151515152, 0.5353535353535354, 0.5555555555555555, 0.5757575757575759, 0.595959595959596, 0.6161616161616161, 0.6363636363636366, 0.6565656565656567, 0.6767676767676768, 0.6969696969696969, 0.7171717171717173, 0.7373737373737375, 0.7575757575757576, 0.7777777777777778, 0.7979797979797981, 0.8181818181818182, 0.8383838383838385, 0.8585858585858586, 0.8787878787878789, 0.8989898989898991, 0.9191919191919192, 0.9393939393939397, 0.9595959595959598, 0.9797979797979799, 1.0]


Concurrence =  
 [0.0, 0.0, 0.0, 0.0, 0.0, 0.0, 0.0, 0.0, 0.0, 0.0, 0.0, 0.0, 0.0, 0.2921176143392837, 0.3633368810889496, 0.41030492083508857, 0.4415996428692172, 0.4629390089789091, 0.4777967637064186, 0.48826788098603924, 0.49564963146342406, 0.5007753402868099, 0.5042000782843828, 0.5063053274246734, 0.5073598113261619, 0.507556154929314, 0.5070337835623373, 0.5058936926264682, 0.5042082270250601, 0.5020276784054469, 0.49938477509744517, 0.49629772166014424, 0.4927721977872337, 0.48880257432451224, 0.48437250650798364, 0.479454998475132, 0.47401198545091594, 0.46799344275816807, 0.4613359987523201, 0.45396099816339325, 0.44577192983026964, 0.4366510945542802, 0.42645533868730817, 0.41501060540813406, 0.402104933635861, 0.3875222687672031, 0.3718369320069214, 0.35537769441339534, 0.33832150871329647, 0.32104183464764396, 0.30425143472321237, 0.2892593043266449, 0.27845096413694365, 0.27618145942498534, 0.29015164728760434, 0.3109614532570654, 0.3259781958820267, 0.35441347834119785, 0.3821080177574589, 0.3992712342503676, 0.4071675003145756, 0.4096968659861647, 0.4095084208353321, 0.40799856058784734, 0.4058570793964365, 0.40342037518839413, 0.4008511676960313, 0.39822544025539874, 0.39557454052361035, 0.39290584407499457, 0.3902129475750797, 0.38748053034987456, 0.38468629588417, 0.38180107389469564, 0.37878743788557456, 0.0, 0.0, 0.0, 0.0, 0.0, 0.0, 0.0, 0.0, 0.0, 0.0, 0.0, 0.0, 0.0, 0.0, 0.0, 0.0, 0.0, 0.0, 0.0, 0.0, 0.0, 0.0, 0.0, 0.0, 0.0]

Negativity =  
 [0.0, 0.0, 0.0, 0.0, 0.0, 0.0, 0.0, 0.0, 0.0, 0.0, 0.0, 0.0, 0.0, 0.2529812749107262, 0.31465896915483593, 0.3553344847409492, 0.38243650902687754, 0.4009169421785276, 0.4137841352157489, 0.4228523887859066, 0.4292451722237197, 0.4336841662771743, 0.43665007638437847, 0.43847327562116534, 0.43938648546773595, 0.4395565240159366, 0.43910413714192453, 0.4381167894288379, 0.4366571334008137, 0.4347687229020415, 0.4324799014975662, 0.42980643479802305, 0.4267532415624343, 0.42331544680025857, 0.41947889553065687, 0.4152202086508941, 0.41050642109879276, 0.40529421023311185, 0.3995286945997752, 0.39314175673683976, 0.38604981552702755, 0.3781509404742876, 0.3693211568827054, 0.35940972712340336, 0.34823308751571175, 0.33556692537867394, 0.321135490154532, 0.30459640714850433, 0.28551746818273455, 0.26333793358792634, 0.2372982891451822, 0.21270137737121977, 0.19692016328009648, 0.175115115439822, 0.14400223411236657, 0.12047644467897888, 0.16289233577004686, 0.20335574136089685, 0.23165896236631406, 0.2465532143937335, 0.25305669659123964, 0.25541464913330536, 0.2558569558346977, 0.2554154083363782, 0.254560951341939, 0.253512547358202, 0.25237372287039006, 0.2511930812759981, 0.24999193226327082, 0.2487773313341447, 0.24754837088423262, 0.246299182729789, 0.24502021544435496, 0.24369848192725568, 0.24231703127453505, 0.0, 0.0, 0.0, 0.0, 0.0, 0.0, 0.0, 0.0, 0.0, 0.0, 0.0, 0.0, 0.0, 0.0, 0.0, 0.0, 0.0, 0.0, 0.0, 0.0, 0.0, 0.0, 0.0, 0.0, 0.0]


total_correlation =  
 [0.08888888888888893, 0.08888888888888895, 0.08888888888888899, 0.08888888888888896, 0.08888888888888899, 0.0888888888888891, 0.0888888888888889, 0.08888888888888893, 0.08888888888888886, 0.08888888888888885, 0.08888888888888895, 0.08888888888888902, 0.08888888888888878, 0.1900726736088295, 0.22360299939278816, 0.24718117415208962, 0.26346391844879635, 0.2747838660583702, 0.2827414562965114, 0.2883696556430899, 0.2923360986549287, 0.2950823372052982, 0.29690867334908566, 0.2980247235160457, 0.29857997982432555, 0.29868278885959443, 0.2984125005640461, 0.29782747221393896, 0.29697047458575204, 0.2958724165524105, 0.2945549469925436, 0.2930322847505202, 0.29131250244472784, 0.2893984126512172, 0.28728815585873146, 0.284975557619397, 0.28245030121641695, 0.27969794830694483, 0.27669983132928305, 0.2734328369407024, 0.2698690989890901, 0.2659756225411123, 0.2617138674040398, 0.2570393299657766, 0.251901173754252, (0.24624196501515624+0j), 0.23999755325513056, 0.2330970636242346, 0.22546277765021697, 0.21700929790296253, 0.2076408685635377, 0.197245891632609, 0.18569298822500954, 0.17286236891173476, 0.15886507494400262, 0.1449081476829064, 0.134980697984077, 0.13413374411943843, 0.1401813093694252, 0.14624919794550237, 0.14974738779543373, 0.15120579055975056, 0.15149970397537488, 0.1511868780543916, 0.15056519814404262, 0.14978705866873018, 0.14892964060419384, 0.14803142054700083, 0.14711050901619002, 0.14617388741590845, 0.14522209028248168, 0.14425153886765796, 0.14325558876871983, 0.1422247867203999, 0.14114652485374515, 0.08888888888888885, 0.08888888888888886, 0.088888888888889, 0.08888888888888892, 0.08888888888888888, 0.08888888888888899, 0.08888888888888881, 0.08888888888888892, 0.0888888888888892, 0.08888888888888904, 0.08888888888888907, 0.088888888888889, 0.0888888888888891, 0.0888888888888889, 0.08888888888888909, 0.08888888888888909, 0.08888888888888871, 0.0888888888888889, 0.08888888888888889, 0.08888888888888888, 0.0888888888888891, 0.08888888888888893, 0.08888888888888902, 0.08888888888888904, 0.088888888888889]


quantum_correlation = 
 [0.08333333333333338, 0.08333333333333336, 0.08333333333333345, 0.0833333333333334, 0.08333333333333343, 0.08333333333333345, 0.08333333333333337, 0.0833333333333334, 0.0833333333333334, 0.0833333333333333, 0.08333333333333337, 0.08333333333333343, 0.08333333333333325, 0.10103290761386327, 0.1129093800981002, 0.11954535413734235, 0.12282719000240036, 0.12405729005084447, 0.12402066213282574, 0.12318028914634645, 0.12181477326063236, 0.1200971063834459, 0.11813787319092531, 0.11600926688705165, 0.11375890694159493, 0.11298593088638957, 0.11673406151476165, 0.12026399138965167, 0.12360735339591761, 0.12679089292051332, 0.12983740663966117, 0.13276643830048768, 0.13559479310578634, 0.13833690988888891, 0.14100511483168476, 0.14360976904996947, 0.1461593130038154, 0.14866020203005967, 0.15111671828446174, 0.1535306340890626, 0.1559006891785783, 0.15822182862952308, 0.16048412820068925, 0.16267130801198096, 0.16475870186822023, (0.16671050401168017+0j), 0.16847604743548208, 0.16998474985255072, 0.17113911637252774, 0.17180459959296293, 0.1717936419798188, 0.1708375646543418, 0.1685315720666596, 0.16422325642466523, 0.15681599753670877, 0.14464870569901908, 0.12649448140877423, 0.10487435160398999, 0.08606135116320854, 0.07317631423306205, 0.06507947236719029, 0.05991451418512836, 0.057032241939354175, 0.05832328852073837, 0.05905621343331155, 0.059453600729642106, 0.0596401796172172, 0.059688165181769955, 0.05964059361929107, 0.05952361499710025, 0.05935316027231664, 0.05913864630845554, 0.05888505011328374, 0.05859402596134085, 0.05826439724663974, 0.08333333333333331, 0.08333333333333331, 0.08333333333333343, 0.08333333333333334, 0.08333333333333337, 0.0833333333333334, 0.08333333333333334, 0.08333333333333338, 0.08333333333333356, 0.08333333333333345, 0.0833333333333335, 0.08333333333333343, 0.08333333333333354, 0.08333333333333341, 0.08333333333333348, 0.08333333333333348, 0.08333333333333322, 0.08333333333333331, 0.08333333333333331, 0.08333333333333331, 0.08333333333333352, 0.0833333333333334, 0.08333333333333343, 0.08333333333333343, 0.08333333333333344]


classical_correlation =
 [0.0055555555555555376, 0.005555555555555594, 0.005555555555555539, 0.005555555555555558, 0.005555555555555546, 0.00555555555555564, 0.005555555555555532, 0.005555555555555534, 0.005555555555555481, 0.005555555555555548, 0.005555555555555569, 0.005555555555555588, 0.005555555555555536, 0.08903976599496624, 0.11069361929468795, 0.12763582001474727, 0.140636728446396, 0.15072657600752568, 0.1587207941636856, 0.16518936649674348, 0.1705213253942963, 0.17498523082185227, 0.17877080015816038, 0.18201545662899404, 0.18482107288273059, 0.1856968579732049, 0.18167843904928443, 0.17756348082428727, 0.1733631211898345, 0.16908152363189718, 0.16471754035288244, 0.1602658464500325, 0.15571770933894147, 0.15106150276232827, 0.14628304102704673, 0.14136578856942755, 0.13629098821260155, 0.1310377462768852, 0.12558311304482134, 0.11990220285163986, 0.11396840981051183, 0.10775379391158918, 0.1012297392033506, 0.09436802195379565, 0.08714247188603172, (0.07953146100347606+0j), 0.0715215058196485, 0.06311231377168389, 0.05432366127768919, 0.0452046983099996, 0.0358472265837189, 0.026408326978267175, 0.017161416158349936, 0.008639112487069542, 0.0020490774072938686, 0.0002594419838873283, 0.008486216575302758, 0.029259392515448433, 0.05411995820621665, 0.0730728837124403, 0.08466791542824344, 0.09129127637462217, 0.09446746203602069, 0.09286358953365323, 0.09150898471073106, 0.09033345793908808, 0.08928946098697664, 0.08834325536523088, 0.08746991539689897, 0.08665027241880822, 0.08586893001016502, 0.08511289255920242, 0.08437053865543612, 0.08363076075905906, 0.08288212760710542, 0.005555555555555534, 0.005555555555555553, 0.005555555555555576, 0.00555555555555558, 0.005555555555555522, 0.005555555555555597, 0.00555555555555547, 0.005555555555555536, 0.005555555555555625, 0.005555555555555595, 0.005555555555555568, 0.0055555555555555705, 0.005555555555555558, 0.005555555555555497, 0.005555555555555591, 0.005555555555555595, 0.005555555555555496, 0.005555555555555586, 0.0055555555555555775, 0.005555555555555577, 0.005555555555555573, 0.005555555555555532, 0.005555555555555576, 0.0055555555555556035, 0.005555555555555563]
