Data for Figure 2 in the paper, showing negativity for L=7 at zero temperature (ground state) and at T = 0.05 of a spin chain with periodic boundary conditions.

theta = [-1.0, -0.9797979797979798, -0.9595959595959596, -0.9393939393939393, -0.9191919191919192, -0.8989898989898989, -0.8787878787878788, -0.8585858585858586, -0.8383838383838385, -0.8181818181818181, -0.797979797979798, -0.7777777777777778, -0.7575757575757576, -0.7373737373737373, -0.7171717171717171, -0.6969696969696969, -0.6767676767676768, -0.6565656565656566, -0.6363636363636364, -0.6161616161616161, -0.5959595959595959, -0.5757575757575758, -0.5555555555555556, -0.5353535353535354, -0.5151515151515151, -0.4949494949494949, -0.4747474747474747, -0.4545454545454545, -0.4343434343434343, -0.4141414141414141, -0.3939393939393939, -0.3737373737373737, -0.35353535353535354, -0.33333333333333326, -0.3131313131313131, -0.2929292929292928, -0.2727272727272727, -0.25252525252525243, -0.23232323232323232, -0.21212121212121204, -0.19191919191919193, -0.17171717171717166, -0.15151515151515152, -0.13131313131313124, -0.11111111111111113, -0.09090909090909086, -0.07070707070707073, -0.05050505050505046, -0.030303030303030193, -0.010101010101010064, 0.010101010101010206, 0.03030303030303033, 0.0505050505050506, 0.07070707070707073, 0.090909090909091, 0.11111111111111113, 0.1313131313131314, 0.15151515151515152, 0.1717171717171718, 0.19191919191919193, 0.21212121212121218, 0.23232323232323232, 0.2525252525252526, 0.2727272727272727, 0.292929292929293, 0.3131313131313131, 0.33333333333333354, 0.35353535353535365, 0.37373737373737376, 0.3939393939393939, 0.4141414141414143, 0.4343434343434344, 0.4545454545454546, 0.4747474747474747, 0.4949494949494951, 0.5151515151515152, 0.5353535353535354, 0.5555555555555555, 0.5757575757575759, 0.595959595959596, 0.6161616161616161, 0.6363636363636366, 0.6565656565656567, 0.6767676767676768, 0.6969696969696969, 0.7171717171717173, 0.7373737373737375, 0.7575757575757576, 0.7777777777777778, 0.7979797979797981, 0.8181818181818182, 0.8383838383838385, 0.8585858585858586, 0.8787878787878789, 0.8989898989898991, 0.9191919191919192, 0.9393939393939397, 0.9595959595959598, 0.9797979797979799, 1.0]


Negativity_at_zero_temperature = 
[0.0, 0.0, 0.0, 0.0, 0.0, 0.0, 0.0, 0.0, 0.0, 0.0, 0.0, 0.0, 0.0, 0.20176873452103933, 0.26531043547974054, 0.30475072551794735, 0.33035435138375707, 0.34759055691829305, 0.3594391422654151, 0.36764681836838087, 0.3733074222721433, 0.3771394662735295, 0.37963061318134633, 0.3811194250239677, 0.3818447522057421, 0.381977001899628, 0.38163858995236144, 0.3809176284968102, 0.3798772367354395, 0.378561943620915, 0.3770021134396626, 0.3752169962560301, 0.37321679658223256, 0.37100401709698394, 0.3685742415815556, 0.36591645517351645, 0.3630129492108211, 0.35983881413722596, 0.356360980185505, 0.3525367144918426, 0.34831141530807125, 0.3436154443327611, 0.3383595819226959, 0.16167538044974222, 0.16138674970482933, 0.16083180306433204, 0.15995188841567154, 0.15866412274987104, 0.15685099525397228, 0.1543444783161342, 0.15090160265333893, 0.14616695558330972, 0.13961609626768764, 0.13047463225319667, 0.11761820790425971, 0.12011831648566762, 0.13685689025014158, 0.15500449197809613, 0.17283044668435435, 0.1878897304810639, 0.198261668162849, 0.21446366755128243, 0.21486826526618755, 0.21433326866329977, 0.21313677458470845, 0.21147763016685248, 0.209493072791094, 0.20727463722516754, 0.2048807122946374, 0.20234571954073738, 0.19968645760235237, 0.1969062323791041, 0.1939972752547234, 0.19094177115554123, 0.18771159278869765, 0.0, 0.0, 0.0, 0.0, 0.0, 0.0, 0.0, 0.0, 0.0, 0.0, 0.0, 0.0, 0.0, 0.0, 0.0, 0.0, 0.0, 0.0, 0.0, 0.0, 0.0, 0.0, 0.0, 0.0, 0.0]


Negativity_at_0.05_temperature =
[0.0, 0.0, 0.0, 0.0, 0.0, 0.0, 0.0, 0.0, 0.0, 0.0, 0.0, 0.0, 0.0, 0.16575040011946404, 0.26426145606021767, 0.30473561068172317, 0.3303542018452269, 0.3475905557637657, 0.3594391422571747, 0.36764681836799434, 0.3733074222719386, 0.37713946627338923, 0.37963061318123803, 0.38111942502387064, 0.3818447522056449, 0.3819770018995178, 0.3816385899522191, 0.3809176284966065, 0.3798772367351109, 0.3785619436203139, 0.3770021134384372, 0.37521699625323823, 0.3732167965751418, 0.37100401707696934, 0.3685742415189695, 0.36591645495733416, 0.3630129483884954, 0.35983881069659085, 0.3563609640743683, 0.3525366146770481, 0.34830988913354777, 0.3435562506098305, 0.3354839291155801, 0.24850861235513078, 0.1615544969643119, 0.16083481427982763, 0.15995181254843496, 0.15866407985793868, 0.1568509786435558, 0.15434446989460426, 0.15090159667446637, 0.14616694949580183, 0.13961608736256276, 0.13047461412829192, 0.11761816064854289, 0.12011826850407811, 0.13685673263425663, 0.15500421311025228, 0.17284914798166054, 0.1888460504736704, 0.20689089934409327, 0.21372171947535437, 0.21437265196572566, 0.21368134273274936, 0.21226065925751658, 0.21035329066170577, 0.208116837971361, 0.2056574380737744, 0.20303727974029043, 0.20026016102180455, 0.19718400476616438, 0.1931193360115461, 0.1849542813939893, 0.15715099684965894, 0.0026588200988257957, 0.0, 0.0, 0.0, 0.0, 0.0, 0.0, 0.0, 0.0, 0.0, 0.0, 0.0, 0.0, 0.0, 0.0, 0.0, 0.0, 0.0, 0.0, 0.0, 0.0, 0.0, 0.0, 0.0, 0.0, 0.0]

