Data for Figure 9 in the paper, displaying Total Correlation, Quantum Correlation, and Classical Correlation for L=9 at zero temperature in the partial state of a spin chain with open boundary conditions

theta =  
[-1.0, -0.9797979797979798, -0.9595959595959596, -0.9393939393939393, -0.9191919191919192, -0.8989898989898989, -0.8787878787878788, -0.8585858585858586, -0.8383838383838385, -0.8181818181818181, -0.797979797979798, -0.7777777777777778, -0.7575757575757576, -0.7373737373737373, -0.7171717171717171, -0.6969696969696969, -0.6767676767676768, -0.6565656565656566, -0.6363636363636364, -0.6161616161616161, -0.5959595959595959, -0.5757575757575758, -0.5555555555555556, -0.5353535353535354, -0.5151515151515151, -0.4949494949494949, -0.4747474747474747, -0.4545454545454545, -0.4343434343434343, -0.4141414141414141, -0.3939393939393939, -0.3737373737373737, -0.35353535353535354, -0.33333333333333326, -0.3131313131313131, -0.2929292929292928, -0.2727272727272727, -0.25252525252525243, -0.23232323232323232, -0.21212121212121204, -0.19191919191919193, -0.17171717171717166, -0.15151515151515152, -0.13131313131313124, -0.11111111111111113, -0.09090909090909086, -0.07070707070707073, -0.05050505050505046, -0.030303030303030193, -0.010101010101010064, 0.010101010101010206, 0.03030303030303033, 0.0505050505050506, 0.07070707070707073, 0.090909090909091, 0.11111111111111113, 0.1313131313131314, 0.15151515151515152, 0.1717171717171718, 0.19191919191919193, 0.21212121212121218, 0.23232323232323232, 0.2525252525252526, 0.2727272727272727, 0.292929292929293, 0.3131313131313131, 0.33333333333333354, 0.35353535353535365, 0.37373737373737376, 0.3939393939393939, 0.4141414141414143, 0.4343434343434344, 0.4545454545454546, 0.4747474747474747, 0.4949494949494951, 0.5151515151515152, 0.5353535353535354, 0.5555555555555555, 0.5757575757575759, 0.595959595959596, 0.6161616161616161, 0.6363636363636366, 0.6565656565656567, 0.6767676767676768, 0.6969696969696969, 0.7171717171717173, 0.7373737373737375, 0.7575757575757576, 0.7777777777777778, 0.7979797979797981, 0.8181818181818182, 0.8383838383838385, 0.8585858585858586, 0.8787878787878789, 0.8989898989898991, 0.9191919191919192, 0.9393939393939397, 0.9595959595959598, 0.9797979797979799, 1.0]


Total_Correlation = 
 [0.08888888888888898, 0.088888888888889, 0.08888888888888899, 0.08888888888888904, 0.08888888888888903, 0.08888888888888907, 0.08888888888888904, 0.08888888888888906, 0.08888888888888909, 0.0888888888888891, 0.0888888888888891, 0.08888888888888903, 0.08888888888888902, 0.29829309594963316, 0.4551096931714833, 0.5593385412413427, 0.6284666163385562, 0.6742266878032555, 0.7047595193688401, 0.7253099816532252, 0.7391678181781811, 0.7484081018649884, 0.7543648461792195, 0.7579150918428125, 0.759647675972647, 0.7599647072890007, 0.7591438110352736, 0.7573771411640912, 0.7547963141999863, 0.751488583429271, 0.7475074020307105, 0.7428792727133052, 0.7376080426217806, 0.7316773535062111, 0.7250516754092372, 0.7176761681625473, 0.7094754894473352, 0.7003515792112502, 0.6901803876242354, 0.6788074772607067, 0.6660424316337323, 0.6516520720181841, 0.6353526848707575, 0.6168019096888621, 0.595591836953764, 0.5712465495322764, 0.5432302666857552, 0.5109768230959646, 0.4739570711708421, 0.4318049098424181, 0.38451620122564656, 0.3327040757264828, 0.27785156348127243, (0.22263197283276617+0j), 0.17240499515540716, 0.14267171890282426, 0.14832988953122447, 0.17792029135975582, 0.1980816155358282, 0.2071051468270567, 0.21068133057723362, 0.21192461339876062, 0.21215416840937898, 0.2119274056917611, 0.21149091254926025, 0.2109588278346779, 0.2103855228665648, 0.20979688551723905, 0.2092045314529956, 0.20861254132074158, 0.20802071427377375, 0.2074260620789077, 0.20682326751917807, 0.20620428396137996, 0.2055567198485076, 0.08888888888888888, 0.08888888888888888, 0.08888888888888898, 0.08888888888888893, 0.08888888888888899, 0.08888888888888895, 0.088888888888889, 0.08888888888888909, 0.088888888888889, 0.08888888888888907, 0.08888888888888903, 0.08888888888888898, 0.08888888888888917, 0.08888888888888907, 0.08888888888888911, 0.08888888888888904, 0.08888888888888917, 0.08888888888888899, 0.08888888888888906, 0.08888888888888898, 0.08888888888888917, 0.08888888888888903, 0.08888888888888906, 0.08888888888888902, 0.08888888888888902]


Quantum_Correlation =
 [0.08333333333333343, 0.08333333333333344, 0.08333333333333341, 0.08333333333333345, 0.08333333333333348, 0.08333333333333354, 0.0833333333333335, 0.08333333333333347, 0.08333333333333355, 0.08333333333333351, 0.08333333333333354, 0.08333333333333345, 0.08333333333333348, 0.14290852408884092, 0.1971857488448343, 0.23100125685064776, 0.25256008559735466, 0.266305704754738, 0.2750542160080423, 0.28055252121736063, 0.28387749033887566, 0.2857024301714368, 0.28645778129083593, 0.2864250166344495, 0.285791718959549, 0.2854905600116289, 0.2871620436120045, 0.2884390024630549, 0.2893911052781595, 0.2900688618557703, 0.29050865675409276, 0.2907361216215868, 0.29076839055683046, 0.29061557713975356, 0.2902816837573283, 0.2897650712279559, 0.28905856072416025, 0.28814919940031114, 0.28701768913117776, 0.285637450277335, 0.28397326744601387, 0.2819794422077182, 0.279597362756918, 0.2767524032849549, 0.273350108835088, 0.2692717459896646, 0.26436957042214226, 0.2584626470212054, 0.25133471598164636, 0.24273589852468808, 0.23238798357990162, 0.21998346532034638, 0.20514303903096945, (0.18726202126053573+0j), 0.16529190438102764, 0.1415784852995042, 0.11213699316494391, 0.09493798468602624, 0.08691366027413648, 0.08327858631188009, 0.0813988683170741, 0.08026063907646647, 0.07960863637085258, 0.07983371948009733, 0.07986806517494208, 0.07980426882099421, 0.07968866983325246, 0.0795453001422655, 0.07938684388356498, 0.07921992029911823, 0.0790477305498151, 0.07887139951410276, 0.07869060848414036, 0.07850375585212245, 0.07830762947357428, 0.08333333333333331, 0.08333333333333333, 0.08333333333333345, 0.08333333333333338, 0.08333333333333345, 0.08333333333333338, 0.08333333333333345, 0.08333333333333352, 0.08333333333333347, 0.08333333333333343, 0.08333333333333347, 0.08333333333333345, 0.08333333333333359, 0.08333333333333352, 0.08333333333333354, 0.08333333333333345, 0.08333333333333356, 0.08333333333333343, 0.08333333333333347, 0.08333333333333344, 0.0833333333333336, 0.08333333333333345, 0.08333333333333345, 0.08333333333333344, 0.08333333333333351]


Classical_Correlation = 
 [0.00555555555555556, 0.005555555555555555, 0.005555555555555576, 0.005555555555555574, 0.0055555555555555445, 0.005555555555555526, 0.005555555555555561, 0.0055555555555555905, 0.005555555555555547, 0.005555555555555593, 0.00555555555555556, 0.005555555555555586, 0.005555555555555554, 0.15538457186079224, 0.25792394432664895, 0.32833728439069493, 0.37590653074120156, 0.40792098304851754, 0.42970530336079765, 0.4447574604358646, 0.4552903278393056, 0.46270567169355165, 0.4679070648883835, 0.471490075208363, 0.47385595701309813, 0.47447414727737175, 0.4719817674232692, 0.4689381387010363, 0.46540520892182685, 0.46141972157350075, 0.45699874527661766, 0.4521431510917184, 0.4468396520649502, 0.44106177636645766, 0.4347699916519088, 0.4279110969345913, 0.4204169287231749, 0.41220237981093916, 0.4031626984930576, 0.39317002698337156, 0.38206916418771847, 0.369672629810466, 0.35575532211383953, 0.3400495064039072, 0.32224172811867613, 0.30197480354261175, 0.278860696263613, 0.25251417607475907, 0.22262235518919576, 0.18906901131772996, 0.15212821764574497, 0.11272061040613643, 0.07270852445030301, (0.03536995157223041+0j), 0.007113090774379507, 0.0010932336033201077, 0.03619289636628059, 0.08298230667372958, 0.11116795526169171, 0.12382656051517657, 0.1292824622601595, 0.13166397432229415, 0.1325455320385264, 0.13209368621166379, 0.1316228473743182, 0.1311545590136837, 0.13069685303331238, 0.13025158537497356, 0.12981768756943063, 0.12939262102162336, 0.12897298372395866, 0.12855466256480494, 0.12813265903503765, 0.1277005281092575, 0.12724909037493332, 0.005555555555555553, 0.00555555555555555, 0.005555555555555536, 0.0055555555555555506, 0.0055555555555555445, 0.005555555555555585, 0.005555555555555551, 0.005555555555555567, 0.00555555555555555, 0.005555555555555657, 0.005555555555555559, 0.00555555555555551, 0.005555555555555571, 0.005555555555555546, 0.005555555555555578, 0.0055555555555555775, 0.005555555555555601, 0.005555555555555574, 0.005555555555555586, 0.005555555555555534, 0.00555555555555556, 0.0055555555555555775, 0.005555555555555599, 0.005555555555555567, 0.005555555555555498]
